,City,Cloudiness,Country,Data,Humanity,Temperature,Latitude,Longitude,Wind Speed
0,acarau,100,BR,1580107591,96,297.32,-2.89,-40.12,2.13
1,verkhnevilyuysk,100,RU,1580107592,97,245.5,63.45,120.32,1.47
2,bredasdorp,90,ZA,1580107753,59,291.15,-34.53,20.04,1.0
3,severo-kurilsk,86,RU,1580107780,91,266.23,50.68,156.12,4.48
4,sakaiminato,75,JP,1580107592,81,282.15,35.55,133.23,12.9
5,calvinia,4,ZA,1580107592,50,286.15,-31.47,19.78,6.2
6,sasaima,40,CO,1580107592,93,286.15,4.97,-74.44,1.0
7,ushuaia,75,AR,1580107592,81,281.15,-54.8,-68.3,2.95
8,rikitea,8,PF,1580107592,83,299.33,-23.12,-134.97,3.31
9,pevek,100,RU,1580107730,92,253.57,69.7,170.31,1.48
10,san patricio,0,MX,1580107785,77,297.24,19.22,-104.7,4.4
11,guerrero negro,10,MX,1580107735,86,287.59,27.98,-114.06,5.69
12,faanui,39,PF,1580107592,74,301.75,-16.48,-151.75,4.53
13,mar del plata,0,AR,1580107519,63,288.71,-38.0,-57.56,8.94
14,hovd,22,MN,1580107593,58,264.4,48.01,91.64,0.88
15,ugoofaaru,100,MV,1580107593,75,300.52,5.67,73.0,4.12
16,barrow,40,US,1580107593,74,242.15,71.29,-156.79,4.1
17,vaini,40,TO,1580107593,83,301.15,-21.2,-175.2,3.1
18,hilo,90,US,1580107593,73,297.15,19.73,-155.09,1.5
19,shingu,75,JP,1580107593,76,285.15,33.73,135.98,4.1
20,jacqueville,40,CI,1580107593,94,298.15,5.21,-4.41,3.03
21,progreso,5,MX,1580107593,77,295.37,21.28,-89.67,3.1
22,pokosnoye,79,RU,1580107593,86,267.09,55.53,101.05,1.03
23,constantine,40,DZ,1580107593,100,277.15,36.37,6.61,2.1
24,cozumel,5,MX,1580107579,94,296.15,20.51,-86.95,2.92
25,albany,90,US,1580107893,84,276.15,42.6,-73.97,3.1
26,nikolskoye,99,RU,1580107893,79,269.26,59.7,30.79,3.0
27,qaanaaq,52,GL,1580107594,51,249.98,77.48,-69.36,1.18
28,dicabisagan,100,PH,1580107893,74,299.02,17.08,122.42,3.89
29,port lincoln,4,AU,1580107893,58,293.85,-34.73,135.87,5.89
30,kalabagh,88,PK,1580107893,33,288.18,32.97,71.56,2.41
31,roxas,39,PH,1580107894,76,300.88,11.59,122.75,3.31
32,clyde river,1,CA,1580107787,74,241.15,70.47,-68.59,2.1
33,deputatskiy,100,RU,1580107894,80,242.11,69.3,139.9,1.02
34,dunedin,64,NZ,1580107814,55,292.59,-45.87,170.5,3.13
35,saint-philippe,20,RE,1580107894,54,301.15,-21.36,55.77,4.6
36,east london,36,ZA,1580107894,55,292.15,-33.02,27.91,8.7
37,hualmay,100,PE,1580107894,84,294.71,-11.1,-77.61,1.82
38,san ramon,1,US,1580107894,81,284.82,37.78,-121.98,4.1
39,upernavik,98,GL,1580107770,92,247.33,72.79,-56.15,1.43
40,cape town,20,ZA,1580107578,72,292.59,-33.93,18.42,5.1
41,bilibino,41,RU,1580107894,93,249.98,68.05,166.44,1.28
42,boende,0,CD,1580107895,41,296.36,-0.22,20.87,0.58
43,cambui,0,BR,1580107895,75,288.71,-22.61,-46.06,0.57
44,victor harbor,79,AU,1580107895,57,298.71,-35.57,138.62,7.2
45,avarua,100,CK,1580107738,88,299.15,-21.21,-159.78,5.1
46,jibuti,1,DJ,1580107895,61,301.15,11.5,42.5,3.1
47,tuktoyaktuk,90,CA,1580107742,68,246.15,69.45,-133.04,4.6
48,chuy,37,UY,1580107895,96,293.91,-33.7,-53.46,3.39
49,nantucket,1,US,1580107820,86,277.15,41.28,-70.1,4.1
50,nyurba,97,RU,1580107895,96,248.23,63.28,118.33,0.61
51,hobart,65,AU,1580107745,28,295.15,-42.88,147.33,6.7
52,busselton,0,AU,1580107740,7,311.48,-33.65,115.33,6.89
53,cabo san lucas,5,MX,1580107753,77,289.82,22.89,-109.91,2.1
54,port elizabeth,36,ZA,1580107751,59,292.15,-33.92,25.57,7.7
55,taltal,26,CL,1580107684,91,291.25,-25.4,-70.48,2.51
56,amapa,100,BR,1580107896,99,295.31,1.0,-52.0,1.0
57,punta arenas,75,CL,1580107735,62,284.15,-53.15,-70.92,9.3
58,cravo norte,62,CO,1580107896,57,300.03,6.3,-70.2,2.39
59,ust-tsilma,100,RU,1580107896,97,252.28,65.44,52.15,2.36
60,turukhansk,100,RU,1580107334,92,258.63,65.82,87.98,4.0
61,yellowknife,90,CA,1580107591,84,257.15,62.46,-114.35,1.98
62,khandyga,32,RU,1580107897,81,237.36,62.67,135.6,0.77
63,lagoa,100,PT,1580107897,91,289.65,39.05,-27.98,10.47
64,gizo,100,SB,1580107897,70,301.01,-8.1,156.84,3.02
65,grants,1,US,1580107897,85,269.15,35.15,-107.85,3.6
66,nome,1,US,1580107897,63,251.15,64.5,-165.41,2.6
67,vestmanna,100,FO,1580107897,73,276.15,62.16,-7.17,16.4
68,bethel,1,US,1580107786,74,276.48,41.37,-73.41,3.1
69,trani,98,IT,1580107897,87,282.59,41.27,16.42,3.1
70,geraldton,0,AU,1580107759,26,309.15,-28.77,114.6,8.2
71,chapais,90,CA,1580107776,92,269.15,49.78,-74.85,3.6
72,kavieng,19,PG,1580107744,76,302.35,-2.57,150.8,7.49
73,kaitangata,100,NZ,1580107754,86,287.35,-46.28,169.85,2.38
74,garden city,90,US,1580107898,93,275.15,42.33,-83.33,2.6
75,jamestown,90,US,1580107543,92,273.71,42.1,-79.24,6.2
76,staryy nadym,89,RU,1580107898,98,250.38,65.61,72.68,3.32
77,arraial do cabo,61,BR,1580107745,80,297.37,-22.97,-42.03,5.69
78,port alfred,20,ZA,1580107738,67,292.59,-33.59,26.89,2.68
79,mataura,88,NZ,1580107734,74,290.37,-46.19,168.86,0.45
80,waipawa,53,NZ,1580107898,82,293.15,-41.41,175.52,11.8
81,mahebourg,75,MU,1580107856,78,300.37,-20.41,57.7,5.1
82,dondo,20,MZ,1580107898,78,301.15,-19.61,34.74,5.1
83,namibe,89,AO,1580107899,74,296.63,-15.2,12.15,2.2
84,necochea,0,AR,1580107899,71,287.59,-38.55,-58.74,3.13
85,bluff,96,NZ,1580107741,74,290.37,-46.6,168.33,0.45
86,butaritari,100,KI,1580107742,81,301.39,3.07,172.79,7.78
87,puerto escondido,2,MX,1580107323,93,292.35,15.85,-97.07,1.13
88,pyapon,27,MM,1580107899,26,300.87,16.28,95.68,4.04
89,rincon,90,US,1580107666,66,285.37,32.3,-81.24,1.5
90,liberty,90,US,1580107899,71,285.37,31.83,-81.5,1.55
91,airai,27,TL,1580107796,67,300.38,-8.93,125.41,2.3
92,capoterra,0,IT,1580107899,100,285.15,39.18,8.97,3.1
93,lhokseumawe,77,ID,1580107900,81,297.85,5.18,97.15,2.0
94,pisco,59,PE,1580107900,88,295.37,-13.7,-76.22,2.1
95,sao filipe,0,CV,1580107900,63,296.02,14.9,-24.5,6.73
96,kristiansund,75,NO,1580107900,76,279.15,63.11,7.73,4.1
97,naze,75,JP,1580107311,68,294.15,28.37,129.48,7.2
98,itarema,100,BR,1580107554,96,297.32,-2.92,-39.92,2.13
99,arrecife,20,ES,1580107900,76,290.15,28.96,-13.55,3.1
100,bambous virieux,75,MU,1580107755,78,300.37,-20.34,57.76,5.1
101,atuona,55,PF,1580107773,71,300.43,-9.8,-139.03,4.57
102,vila do maio,8,CV,1580107900,60,296.15,15.13,-23.22,6.2
103,lompoc,1,US,1580107901,62,287.15,34.64,-120.46,1.5
104,qasigiannguit,63,GL,1580107901,64,255.15,68.82,-51.19,2.6
105,waycross,90,US,1580107901,66,284.26,31.21,-82.35,0.98
106,norman wells,40,CA,1580107817,69,248.15,65.28,-126.83,4.1
107,saint george,90,US,1580107901,87,284.26,37.1,-113.58,2.81
108,puerto ayora,100,EC,1580107726,20,296.48,-0.74,-90.35,0.89
109,polunochnoye,100,RU,1580107901,95,252.83,60.87,60.42,3.47
110,the valley,40,AI,1580107901,88,298.15,18.22,-63.06,3.6
111,talara,68,PE,1580107901,92,296.24,-4.58,-81.27,4.52
112,funtua,0,NG,1580107901,32,284.77,11.52,7.31,4.61
113,poum,0,NC,1580107901,78,299.73,-20.23,164.02,9.01
114,bubaque,84,GW,1580107731,48,298.52,11.28,-15.83,6.19
115,inverness,73,GB,1580107902,80,277.15,57.48,-4.22,2.1
116,sarny,92,UA,1580107902,95,272.72,51.34,26.6,2.42
117,westport,1,US,1580107683,69,277.15,41.14,-73.36,3.1
118,batemans bay,17,AU,1580107902,84,305.37,-35.72,150.18,2.24
119,srikakulam,0,IN,1580107902,27,303.98,18.3,83.9,0.68
120,cherskiy,86,RU,1580107902,89,242.49,68.75,161.3,0.46
121,rio bueno,44,CL,1580107902,95,280.48,-40.32,-72.97,1.18
122,filingue,3,NE,1580107902,14,290.37,14.35,3.32,4.46
123,cidreira,53,BR,1580107753,72,297.84,-30.18,-50.21,6.76
124,ames,90,US,1580107626,100,272.15,42.03,-93.62,1.72
125,provideniya,0,RU,1580107758,86,251.49,64.38,-173.3,0.32
126,morant bay,20,JM,1580107903,73,298.15,17.88,-76.41,1.0
127,miraflores,75,MX,1580107324,48,289.15,19.22,-98.81,1.5
128,luderitz,0,NA,1580107903,55,292.15,-26.65,15.16,4.6
129,kota kinabalu,75,MY,1580107903,75,305.15,5.97,116.07,3.1
130,kolyvan,40,RU,1580107903,73,267.15,55.31,82.74,10.0
131,san cristobal,99,VE,1580107903,97,286.14,7.77,-72.22,0.83
132,victoria,20,HK,1580107501,58,288.71,22.29,114.16,6.7
133,new norfolk,46,AU,1580107663,28,295.15,-42.78,147.06,6.7
134,panguipulli,38,CL,1580107903,60,282.19,-39.63,-72.33,0.89
135,chokurdakh,100,RU,1580107766,96,240.06,70.63,147.92,1.96
136,mayumba,100,GA,1580107904,76,301.09,-3.43,10.66,1.53
137,pangani,48,TZ,1580107904,77,300.28,-5.43,38.97,1.88
138,bafq,0,IR,1580107904,41,280.43,31.61,55.41,1.95
139,boyolangu,7,ID,1580107904,62,304.61,-8.12,111.89,1.03
140,ponta do sol,20,PT,1580107794,67,288.15,32.67,-17.1,1.0
141,vana-vigala,90,EE,1580107904,100,277.59,58.78,24.25,2.6
142,castro,1,BR,1580107782,91,290.7,-24.79,-50.01,1.93
143,hithadhoo,79,MV,1580107728,80,301.05,-0.6,73.08,5.19
144,byron bay,38,AU,1580107778,61,304.15,-28.65,153.62,7.2
145,kapaa,20,US,1580107503,83,297.15,22.08,-159.32,5.7
146,tasiilaq,100,GL,1580107732,61,273.15,65.61,-37.64,1.5
147,havre-saint-pierre,90,CA,1580107774,92,271.15,50.23,-63.6,8.2
148,fukue,75,JP,1580107905,93,284.15,32.69,128.84,10.8
149,kamina,100,CD,1580107905,95,292.32,-8.74,24.99,1.0
150,belmonte,90,BR,1580107905,94,298.15,-15.86,-38.88,2.6
151,saint-joseph,20,RE,1580107905,54,301.15,-21.37,55.62,4.6
152,yanggu,48,CN,1580107905,23,280.51,36.11,115.78,4.33
153,carnarvon,0,AU,1580107749,66,303.15,-24.87,113.63,7.7
154,genhe,58,CN,1580107905,82,262.77,50.78,121.52,1.33
155,college,90,US,1580107828,68,246.48,64.86,-147.8,1.57
156,outram,40,MY,1580107738,66,306.48,1.28,103.84,3.1
157,hami,20,CN,1580107905,57,265.6,42.8,93.45,0.19
158,lebu,41,CL,1580107749,71,284.88,-37.62,-73.65,2.25
159,tezu,0,IN,1580107906,27,292.66,27.92,96.17,1.64
160,zhigansk,0,RU,1580107906,62,239.3,66.77,123.37,1.36
161,aksarka,94,RU,1580107906,98,249.21,66.56,67.8,3.36
162,thompson,90,CA,1580107759,84,254.15,55.74,-97.86,1.0
163,luanda,75,AO,1580107846,83,300.15,-8.84,13.23,1.5
164,esso,88,RU,1580107906,87,260.91,55.93,158.7,1.64
165,smithers,90,CA,1580107906,92,272.15,54.78,-127.17,2.6
166,kodiak,90,US,1580107733,66,264.15,57.79,-152.41,5.7
167,labuan,75,MY,1580107327,74,304.15,5.28,115.24,2.6
168,dauphin,90,CA,1580107906,100,264.15,51.15,-100.05,1.33
169,hofn,100,IS,1580107906,80,276.88,64.25,-15.21,11.69
170,samarai,45,PG,1580107907,59,304.32,-10.62,150.67,5.09
171,ribeira brava,20,PT,1580107907,67,288.15,32.65,-17.07,1.0
172,san jose,1,US,1580107743,81,284.26,37.34,-121.89,0.47
173,port macquarie,0,AU,1580107623,51,305.37,-31.43,152.92,8.2
174,uspenka,0,UA,1580107907,85,272.24,48.39,39.16,4.01
175,passa quatro,0,BR,1580107806,75,288.71,-22.39,-44.97,1.46
176,esperance,0,AU,1580107827,51,302.15,-33.87,121.9,9.3
177,maumere,87,ID,1580107907,78,301.14,-8.62,122.21,2.46
178,longyearbyen,51,SJ,1580107742,77,257.15,78.22,15.64,1.0
179,treinta y tres,56,UY,1580107907,93,291.56,-33.23,-54.38,2.66
180,isangel,83,VU,1580107810,74,301.15,-19.55,169.27,5.1
181,ketchikan,90,US,1580107800,93,280.15,55.34,-131.65,7.2
182,stranraer,95,GB,1580107908,82,275.37,54.9,-5.03,7.7
183,grand-bourg,43,GP,1580107908,88,295.15,15.88,-61.31,1.0
184,coihaique,94,CL,1580107867,93,276.97,-45.58,-72.07,2.88
185,nanortalik,100,GL,1580107798,75,267.84,60.14,-45.24,10.17
186,svetlyy yar,40,RU,1580107908,86,272.15,48.47,44.78,12.0
187,merauke,15,ID,1580107908,60,304.74,-8.47,140.33,3.9
188,watsa,38,CD,1580107908,36,296.78,3.04,29.54,0.86
189,baghdad,0,IQ,1580107908,93,279.15,33.34,44.4,3.1
190,tabou,63,CI,1580107909,93,298.0,4.42,-7.35,1.15
191,ilulissat,63,GL,1580107782,64,255.15,69.22,-51.1,2.6
192,skjervoy,78,NO,1580107909,67,268.15,70.03,20.97,10.8
193,saint anthony,90,US,1580107808,100,269.82,45.02,-93.22,0.86
194,vila franca do campo,20,PT,1580107909,88,290.15,37.72,-25.43,7.2
195,save,0,BJ,1580107909,24,292.73,8.04,2.49,1.22
196,nogent-le-rotrou,100,FR,1580107909,93,281.48,48.33,1.0,10.3
197,alofi,100,NU,1580107802,88,300.15,-19.06,-169.92,1.5
198,ahipara,43,NZ,1580107909,82,297.59,-35.17,173.17,3.36
199,deniliquin,59,AU,1580107909,17,306.48,-35.53,144.97,4.02
200,mitsamiouli,20,KM,1580107909,62,304.15,-11.38,43.28,2.6
201,sohag,0,EG,1580107909,30,279.15,26.56,31.69,1.5
202,pangnirtung,100,CA,1580107910,98,234.21,66.15,-65.71,0.3
203,shahreza,0,IR,1580107910,21,275.18,32.03,51.88,0.72
204,komsomolskiy,40,UZ,1580107757,69,277.15,40.43,71.72,2.1
205,kununurra,20,AU,1580107731,39,311.15,-15.77,128.73,1.5
206,tevriz,100,RU,1580107910,92,270.52,57.51,72.4,5.33
207,homer,90,US,1580107910,65,261.15,59.64,-151.55,2.6
208,hauknes,75,NO,1580107910,67,269.15,66.28,14.07,9.8
209,russell,90,US,1580107910,93,282.59,32.35,-85.2,1.46
210,ancud,3,CL,1580107796,93,281.15,-41.87,-73.82,1.0
211,eenhana,40,NA,1580107910,61,299.15,-17.47,16.33,3.6
212,cockburn town,0,TC,1580107911,75,297.15,21.46,-71.14,4.01
213,trinidad,81,BO,1580107911,84,298.75,-14.83,-64.9,1.25
214,atambua,34,ID,1580107911,75,301.39,-9.11,124.89,3.07
215,mitchell,90,US,1580107647,92,273.15,43.71,-98.03,7.7
216,lodja,99,CD,1580107911,70,296.65,-3.48,23.43,0.29
217,moramanga,95,MG,1580107911,84,292.12,-18.93,48.2,0.7
218,broken hill,0,AU,1580107785,13,309.15,-31.95,141.43,4.1
219,aklavik,90,CA,1580107850,68,245.15,68.22,-135.01,3.6
220,hasaki,75,JP,1580107769,61,281.15,35.73,140.83,4.1
221,san policarpo,39,PH,1580107911,71,301.77,12.18,125.51,1.88
222,kavaratti,20,IN,1580107795,66,303.15,10.57,72.64,0.4
223,tuatapere,94,NZ,1580107813,74,290.37,-46.13,167.68,0.45
224,okhotsk,97,RU,1580107912,77,250.59,59.38,143.3,3.67
225,saldanha,53,ZA,1580107912,67,290.15,-33.01,17.94,5.1
226,nouadhibou,11,MR,1580107912,62,288.15,20.93,-17.03,5.7
227,sulangan,46,PH,1580107912,79,300.4,11.14,123.72,3.8
228,leshukonskoye,99,RU,1580107912,95,253.66,64.9,45.76,2.77
229,asau,67,RO,1580107867,92,275.93,46.43,26.4,1.03
230,berlevag,40,NO,1580107912,78,268.15,70.86,29.09,5.1
231,vao,100,NC,1580107912,82,298.86,-22.67,167.48,7.31
232,lewisburg,90,US,1580107912,87,280.37,35.45,-86.79,1.5
233,turbat,6,PK,1580107912,29,291.99,26.0,63.04,10.52
234,sonoita,23,MX,1580107913,56,288.15,31.85,-112.83,0.5
235,cape coast,1,GH,1580107913,70,300.37,5.11,-1.25,3.27
236,ribeira grande,100,PT,1580107760,93,288.5,38.52,-28.7,11.22
237,stephenville,1,US,1580107913,86,282.59,32.22,-98.2,2.11
238,ballina,0,AU,1580107913,61,304.15,-28.87,153.57,7.2
239,samarkand,39,UZ,1580107913,74,275.15,39.65,66.96,5.1
240,nambucca heads,2,AU,1580107913,61,300.93,-30.65,153.0,8.2
241,dudinka,92,RU,1580107913,77,254.15,69.41,86.18,3.0
242,nerchinskiy zavod,0,RU,1580107913,78,259.75,51.31,119.61,1.19
243,fortuna,90,US,1580107585,81,284.15,40.6,-124.16,3.1
244,ponta delgada,20,PT,1580107913,88,290.15,37.73,-25.67,7.2
245,bastia,48,FR,1580107913,87,284.15,42.67,9.33,2.6
246,tessalit,100,ML,1580107914,11,291.8,20.2,1.01,2.44
247,aswan,0,EG,1580107914,59,284.38,24.09,32.91,4.18
248,carutapera,100,BR,1580107914,80,300.65,-1.2,-46.02,6.22
249,chaihe,0,CN,1580107914,76,267.95,44.77,129.7,1.25
250,narsaq,96,GL,1580107796,61,262.15,60.92,-46.05,2.6
251,avera,90,US,1580107914,70,284.15,33.19,-82.53,2.21
252,hirara,40,JP,1580107914,68,293.15,24.8,125.28,8.7
253,bengkulu,75,ID,1580107745,67,302.97,-3.8,102.27,2.41
254,husyatyn,64,UA,1580107914,81,273.26,49.07,26.21,1.07
255,jacksonville,90,US,1580107804,81,286.15,30.33,-81.66,1.18
256,torbay,75,CA,1580107728,86,273.71,47.67,-52.73,4.6
257,otautau,100,NZ,1580107915,74,290.37,-46.15,168.0,0.45
258,ginir,99,ET,1580107915,88,290.01,7.13,40.7,2.18
259,oranjemund,0,NA,1580107915,42,290.7,-28.55,16.43,2.91
260,besikduzu,19,TR,1580107915,44,283.15,41.05,39.23,1.0
261,petatlan,0,MX,1580107915,71,298.71,17.52,-101.27,3.31
262,xunchang,100,CN,1580107915,79,280.64,28.45,104.72,0.7
263,saskylakh,96,RU,1580107758,97,244.94,71.92,114.08,2.35
264,klaksvik,94,FO,1580107757,64,276.15,62.23,-6.59,19.17
265,ulaangom,17,MN,1580107915,82,257.47,49.98,92.07,1.0
266,half moon bay,1,US,1580107916,81,284.26,37.46,-122.43,3.1
267,khani,0,GE,1580107916,69,277.15,41.96,42.96,5.7
268,yaan,8,NG,1580107916,19,291.34,7.38,8.57,1.8
269,banda aceh,91,ID,1580107836,61,302.11,5.56,95.32,3.0
270,qiongshan,90,CN,1580107916,87,288.15,20.01,110.35,5.0
271,salalah,0,OM,1580107916,22,291.15,17.02,54.09,10.3
272,ust-nera,100,RU,1580107916,99,238.04,64.57,143.2,1.6
273,kieta,60,PG,1580107848,67,302.56,-6.22,155.63,1.52
274,ca mau,5,VN,1580107674,36,306.88,9.18,105.15,5.42
275,dikson,100,RU,1580107754,94,251.68,73.51,80.55,2.9
276,george town,20,MY,1580107778,55,306.15,5.41,100.34,5.1
277,karratha,0,AU,1580107917,71,303.44,-20.74,116.85,7.75
278,leopold,100,AU,1580107917,64,296.48,-38.18,144.47,5.7
279,labuhan,51,ID,1580107917,63,304.33,-6.88,112.21,4.24
280,madhogarh,0,IN,1580107917,45,294.19,26.28,79.19,1.06
281,hermanus,83,ZA,1580107732,75,292.59,-34.42,19.23,1.34
282,lakhdenpokhya,100,RU,1580107917,83,268.15,61.52,30.2,1.97
283,chapulhuacan,99,MX,1580107917,91,288.52,21.17,-98.9,0.38
284,teguldet,100,RU,1580107917,76,264.97,57.31,88.17,4.85
285,boz,96,FR,1580107917,70,279.15,46.41,4.91,2.6
286,rio grande,100,BR,1580107806,94,294.82,-32.03,-52.1,6.11
287,port hedland,1,AU,1580107827,37,311.15,-20.32,118.57,7.7
288,rafraf,20,TN,1580107918,81,283.15,37.19,10.18,3.6
289,vestmannaeyjar,75,IS,1580107918,86,274.15,63.44,-20.27,10.8
290,keighley,40,GB,1580107918,93,278.71,53.87,-1.91,4.6
291,butte,90,US,1580107918,82,286.15,39.65,-121.57,2.1
292,shangrao,100,CN,1580107918,89,278.8,28.45,117.97,3.17
293,rutland,90,US,1580107918,80,276.15,43.62,-73.02,3.6
294,khash,0,IR,1580107918,34,280.04,28.22,61.22,10.23
295,atoyac,5,MX,1580107918,71,285.15,20.02,-103.53,1.3
296,lorengau,100,PG,1580107918,76,302.22,-2.02,147.27,5.09
297,klyuchi,100,RU,1580107918,86,269.99,52.27,79.17,10.97
298,gatton,97,AU,1580107918,48,303.15,-27.55,152.28,6.7
299,dingle,27,PH,1580107859,69,302.72,11.0,122.67,2.38
300,dokri,47,PK,1580107919,50,294.24,27.37,68.1,3.54
301,neiafu,75,TO,1580107849,88,300.15,-18.65,-173.98,0.35
302,chelno-vershiny,100,RU,1580107919,94,266.76,54.43,51.1,5.87
303,purwodadi,40,ID,1580107919,66,305.15,-7.09,110.92,4.1
304,ouango,8,CF,1580107919,37,293.16,4.31,22.56,1.78
305,nordby,100,DK,1580107919,93,280.37,55.45,8.4,5.7
306,pyaozerskiy,35,RU,1580107919,84,257.02,65.83,31.17,1.98
307,qiryat gat,20,IL,1580107919,76,284.26,31.61,34.76,0.5
308,lahat,75,ID,1580107919,79,299.65,-3.8,103.53,1.62
309,sao lourenco da serra,0,BR,1580107919,42,293.15,-23.85,-46.94,1.0
310,grindavik,75,IS,1580107790,74,273.15,63.84,-22.43,8.7
311,labrea,41,BR,1580107920,86,298.04,-7.26,-64.8,0.57
312,novyy urengoy,85,RU,1580107920,100,250.37,66.08,76.63,3.47
313,xichang,98,CN,1580107920,57,276.85,27.9,102.26,2.8
314,kloulklubed,75,PW,1580107920,74,302.15,7.04,134.26,4.1
315,huoqiu,100,CN,1580107920,95,275.92,32.34,116.27,3.6
316,kalanguy,0,RU,1580107921,89,259.42,51.02,116.52,1.17
317,mandalgovi,0,MN,1580107921,57,266.57,45.76,106.27,0.52
318,sitka,90,US,1580107743,93,277.15,57.05,-135.33,3.6
319,rapid city,90,US,1580107921,100,273.15,44.08,-103.23,2.1
320,mattru,74,SL,1580107921,90,294.53,7.62,-11.83,1.14
321,sola,75,VU,1580107921,74,303.15,-13.88,167.55,5.83
322,ocumare del tuy,49,VE,1580107921,93,297.15,10.12,-66.78,1.5
323,amravati,0,IN,1580107921,23,300.05,20.93,77.75,2.82
324,gladstone,100,AU,1580107922,62,302.15,-23.85,151.25,6.7
325,bathsheba,20,BB,1580107797,73,298.15,13.22,-59.52,3.6
326,mount gambier,100,AU,1580107922,46,295.15,-37.83,140.77,5.1
327,port blair,10,IN,1580107922,51,301.15,11.67,92.75,5.1
328,chiredzi,0,ZW,1580107922,40,303.97,-21.05,31.67,0.8
329,khatanga,99,RU,1580107791,98,245.31,71.97,102.5,0.48
330,huescar,0,ES,1580107922,95,277.04,37.81,-2.54,0.89
331,vrsac,75,RS,1580107922,100,279.15,45.12,21.3,1.5
332,port-cartier,90,CA,1580107923,92,271.48,50.03,-66.87,3.6
333,flin flon,0,CA,1580107923,96,258.91,54.77,-101.86,2.04
334,savannah,90,US,1580107923,58,285.37,32.08,-81.1,3.1
335,hambantota,100,LK,1580107801,64,300.37,6.12,81.12,4.71
336,punto fijo,3,VE,1580107923,86,298.15,11.7,-70.2,3.78
337,los llanos de aridane,90,ES,1580107923,63,290.15,28.66,-17.92,3.1
338,katsuura,75,JP,1580107923,65,280.93,35.13,140.3,7.2
339,ornes,75,NO,1580107923,68,269.26,66.87,13.71,15.9
340,sabya,20,SA,1580107923,69,299.15,17.15,42.63,2.31
341,visby,75,SE,1580107923,93,278.15,57.64,18.3,5.7
342,katherine,40,AU,1580107924,47,309.15,-14.47,132.27,5.1
343,portobelo,20,PA,1580107924,94,297.59,9.55,-79.65,1.2
344,ulladulla,59,AU,1580107924,74,305.37,-35.35,150.47,5.7
345,vernon,75,CA,1580107679,100,275.15,50.26,-119.27,1.0
346,bartica,40,GY,1580107924,100,297.15,6.4,-58.62,2.1
347,bantou,100,CN,1580107924,78,279.11,26.22,117.49,1.55
348,batagay,0,RU,1580107924,81,231.95,67.63,134.63,0.93
349,talnakh,100,RU,1580107751,77,254.15,69.49,88.4,3.0
350,karagaylinskiy,100,RU,1580107924,76,267.01,54.17,86.55,3.93
351,beringovskiy,100,RU,1580107924,94,262.58,63.05,179.32,1.26
352,codrington,100,AU,1580107925,75,289.24,-38.27,141.97,5.56
353,bandarbeyla,27,SO,1580107758,77,299.15,9.49,50.81,11.58
354,kamenka,97,RU,1580107837,88,274.26,51.32,42.77,3.58
355,mackay,40,AU,1580107925,83,300.15,-21.15,149.2,4.1
356,laguna,1,US,1580107825,100,285.37,38.42,-121.42,3.1
357,llandrindod wells,79,GB,1580107925,91,278.71,52.24,-3.38,2.24
358,barwani,0,IN,1580107925,20,302.92,22.03,74.9,2.23
359,rawson,22,AR,1580107669,54,288.45,-43.3,-65.1,5.76
360,turtas,100,RU,1580107925,95,266.57,58.94,69.13,1.75
361,iqaluit,90,CA,1580107925,75,244.26,63.75,-68.51,1.5
362,kahului,1,US,1580107764,73,296.15,20.89,-156.47,2.6
363,belyy yar,0,RU,1580107925,62,266.15,53.6,91.39,2.0
364,traverse city,90,US,1580107925,87,274.15,44.76,-85.62,6.8
365,georgetown,20,MY,1580107778,55,306.15,5.41,100.34,5.1
366,praya,13,CV,1580107926,60,296.15,14.92,-23.51,6.2
367,salmon arm,100,CA,1580107926,97,274.26,50.7,-119.3,1.11
368,seydi,82,TM,1580107926,53,278.34,39.48,62.91,6.1
369,leningradskiy,100,RU,1580107741,93,251.18,69.38,178.42,5.64
370,ayr,75,GB,1580107926,75,278.15,55.46,-4.63,9.8
371,finnsnes,75,NO,1580107926,72,268.71,69.23,17.98,2.1
372,egvekinot,99,RU,1580107875,76,254.65,66.32,-179.17,0.93
373,portland,75,US,1580107667,93,281.48,45.52,-122.68,1.5
374,kruisfontein,29,ZA,1580107843,68,289.14,-34.0,24.73,4.76
375,mayo,1,US,1580107927,69,276.48,38.89,-76.51,3.58
376,bargteheide,75,DE,1580107927,93,279.15,53.73,10.27,5.1
377,bontang,29,ID,1580107927,73,302.37,0.13,117.5,4.25
378,arlit,94,NE,1580107927,10,290.18,18.74,7.39,2.79
379,honiara,40,SB,1580107927,66,305.15,-9.43,159.95,5.1
380,adwa,20,ET,1580107927,44,290.24,14.16,38.9,1.77
381,douentza,77,ML,1580107927,11,290.14,15.0,-2.95,1.48
382,wangqing,13,CN,1580107927,50,273.02,43.32,129.76,0.74
383,arman,100,RU,1580107927,82,261.37,59.7,150.17,4.83
384,quesnel,90,CA,1580107927,60,278.15,53.0,-122.5,3.6
385,caucaia,100,BR,1580107928,84,299.26,-3.74,-38.65,0.45
386,saraland,90,US,1580107928,100,284.15,30.82,-88.07,2.1
387,port hardy,90,CA,1580107526,93,278.15,50.7,-127.42,2.1
388,abay,90,KZ,1580107928,92,269.15,49.63,72.85,15.0
389,touros,75,BR,1580107337,94,298.15,-5.2,-35.46,1.5
390,inirida,99,CO,1580107928,77,297.8,3.87,-67.92,0.58
391,souillac,75,MU,1580107852,78,300.37,-20.52,57.52,5.1
392,alcaniz,58,ES,1580107928,84,277.04,41.05,-0.13,3.55
393,yulara,0,AU,1580107928,7,312.15,-25.24,130.99,6.7
394,bukama,100,CD,1580107928,99,294.06,-9.2,25.85,0.76
395,lensk,100,RU,1580107928,89,260.06,60.73,114.93,6.09
396,pishin,71,PK,1580107929,78,277.5,30.58,67.0,5.89
397,ibipeba,100,BR,1580107929,95,292.4,-11.64,-42.01,2.49
398,englehart,90,CA,1580107929,86,270.15,47.82,-79.87,5.7
399,nazare,100,BR,1580107929,97,295.67,-13.04,-39.01,1.92
400,dwarka,2,IN,1580107929,78,295.5,22.24,68.97,4.2
401,san felipe,70,VE,1580107929,90,296.1,10.34,-68.74,0.72
402,port augusta,0,AU,1580107929,57,307.59,-32.5,137.77,9.8
403,padang,81,ID,1580107929,82,299.37,-0.95,100.35,1.53
404,cururupu,100,BR,1580107929,98,296.79,-1.83,-44.87,0.98
405,murakami,75,JP,1580107929,56,279.15,38.23,139.48,6.7
406,iskateley,100,RU,1580107929,98,250.42,67.68,53.15,3.64
407,kawalu,33,ID,1580107930,61,302.13,-7.38,108.21,2.65
408,toora-khem,24,RU,1580107331,86,262.53,52.47,96.11,1.26
409,san francisco,1,US,1580107659,81,284.82,37.77,-122.42,3.1
410,bairiki,75,KI,1580107930,79,302.15,1.33,172.98,3.6
411,port keats,16,AU,1580107930,59,306.4,-14.25,129.55,3.88
412,phuket,20,TH,1580107600,58,304.15,8.0,98.25,4.6
413,ambon,20,ID,1580107930,59,307.15,-3.7,128.18,3.6
414,bang krathum,95,TH,1580107930,25,309.26,16.58,100.3,1.5
415,yuli,1,NG,1580107930,30,289.76,9.7,10.27,4.06
416,wagar,0,SD,1580107931,67,288.9,16.15,36.2,3.62
417,gazli,83,UZ,1580107931,55,277.8,40.13,63.45,6.31
418,bull savanna,21,JM,1580107931,94,291.13,17.89,-77.59,0.85
419,moron,31,AR,1580107931,77,292.15,-34.65,-58.62,5.1
420,muravlenko,93,RU,1580107931,100,251.91,63.79,74.52,5.75
421,fria,91,GN,1580107931,71,290.66,10.42,-13.58,0.91
422,kalino,98,RU,1580107931,97,254.85,58.25,57.61,2.11
423,valparaiso,20,CL,1580107931,93,289.15,-33.04,-71.63,0.13
424,barcelos,75,PT,1580107852,93,286.15,41.54,-8.62,9.8
425,aasiaat,100,GL,1580107931,94,258.39,68.71,-52.87,4.21
426,tateyama,75,JP,1580107931,65,280.93,34.98,139.87,7.2
427,labranzagrande,32,CO,1580107931,71,291.23,5.56,-72.58,2.1
428,vostok,0,RU,1580107932,83,265.16,46.49,135.88,0.96
429,mocoa,100,CO,1580107932,91,294.94,1.15,-76.65,1.45
430,svetlyy,90,RU,1580107785,77,274.15,54.67,20.13,3.0
431,mukhen,0,RU,1580107932,61,264.83,48.1,136.1,2.56
432,katobu,36,ID,1580107932,63,305.92,-4.94,122.53,1.1
433,mbanza-ngungu,64,CD,1580107932,95,294.53,-5.25,14.87,2.18
434,kishapu,96,TZ,1580107932,81,294.92,-3.62,33.87,2.58
435,rudnogorsk,96,RU,1580107932,88,263.64,57.26,103.75,2.1
436,williams lake,90,CA,1580107932,69,275.15,52.14,-122.14,5.7
437,antofagasta,90,CL,1580107932,88,295.37,-23.65,-70.4,3.1
438,liverpool,20,GB,1580107932,87,279.15,53.41,-2.98,4.6
439,sorland,90,NO,1580107933,100,272.15,67.67,12.69,9.8
440,mana,100,GF,1580107933,99,296.19,5.66,-53.78,1.01
441,snyder,1,US,1580107933,66,282.59,32.72,-100.92,2.1
442,lethem,30,GY,1580107933,73,299.11,3.38,-59.8,7.75
443,dire,70,ML,1580107933,13,292.92,12.28,-10.97,1.24
444,atlantic city,90,US,1580107801,64,278.15,39.36,-74.42,2.6
445,owen sound,90,CA,1580107920,97,274.26,44.57,-80.94,2.1
446,itiuba,100,BR,1580107933,98,294.04,-10.69,-39.85,0.44
447,nuuk,100,GL,1580107933,72,262.15,64.18,-51.72,3.6
448,finschhafen,68,PG,1580107933,79,302.36,-6.6,147.87,9.26
449,harper,63,LR,1580107934,93,298.0,4.38,-7.72,1.15
450,olafsvik,33,IS,1580107934,69,273.15,64.89,-23.71,7.67
451,margate,20,GB,1580107934,93,282.04,51.38,1.39,5.7
452,coolum beach,96,AU,1580107934,78,300.37,-26.53,153.1,3.05
453,haines junction,100,CA,1580107934,99,253.55,60.75,-137.51,1.87
454,mazatlan,5,MX,1580107934,93,293.71,23.22,-106.42,5.11
455,te anau,91,NZ,1580107667,90,289.3,-45.42,167.72,1.91
456,mormugao,20,IN,1580107934,62,302.15,15.4,73.8,2.1
457,castricum,75,NL,1580107934,100,282.15,52.55,4.67,5.1
458,senador jose porfirio,100,BR,1580107934,90,297.47,-2.59,-51.95,1.96
459,zaysan,4,KZ,1580107934,87,267.01,47.47,84.87,1.17
460,praia da vitoria,90,PT,1580107935,93,290.15,38.73,-27.07,11.51
461,minna,5,NG,1580107935,28,295.15,9.61,6.56,9.3
462,backnang,90,DE,1580107935,86,278.15,48.95,9.43,2.6
463,kano,0,NG,1580107935,23,286.81,12.0,8.52,3.39
464,kaeo,35,NZ,1580107336,81,297.59,-35.1,173.78,4.52
465,sisimiut,98,GL,1580107935,91,254.29,66.94,-53.67,2.41
466,sirjan,0,IR,1580107935,44,276.64,29.45,55.68,3.62
467,insar,98,RU,1580107935,91,273.03,53.87,44.37,7.94
468,soderhamn,100,SE,1580107873,98,277.04,61.3,17.06,1.87
469,pamplona,75,ES,1580107935,93,287.04,42.82,-1.64,0.5
470,cap-aux-meules,100,CA,1580107681,99,274.03,47.38,-61.86,8.38
471,alvik,100,SE,1580107936,100,277.59,60.75,14.87,4.1
472,kabinda,100,CD,1580107936,86,295.37,-6.13,24.48,0.3
473,krasnoselkup,89,RU,1580107766,95,254.26,65.7,82.47,4.93
474,peniche,75,PT,1580107936,93,287.59,39.36,-9.38,4.6
475,khrebtovaya,69,RU,1580107936,89,264.25,56.7,104.25,2.41
476,marang,40,MY,1580107936,79,302.15,5.21,103.21,3.1
477,lisakovsk,35,KZ,1580107936,86,260.35,52.54,62.49,6.35
478,sabha,0,LY,1580107936,23,285.85,27.04,14.43,2.52
479,ust-uda,76,RU,1580107936,90,262.76,54.17,103.03,1.3
480,soyo,75,AO,1580107936,88,300.15,-6.13,12.37,1.4
481,namatanai,52,PG,1580107832,72,303.1,-3.67,152.43,4.6
482,tiksi,1,RU,1580107773,53,239.01,71.69,128.87,0.5
483,kitami,75,JP,1580107937,68,269.15,43.8,143.89,4.6
484,luoyang,0,CN,1580107937,48,277.77,34.68,112.45,1.72
485,tagusao,18,PH,1580107937,73,300.95,9.19,117.81,1.97
486,roma,90,US,1580107832,100,275.15,43.21,-75.46,5.13
487,bordei verde,40,RO,1580107937,86,270.15,45.08,27.57,3.6
488,moissala,87,TD,1580107937,17,290.37,8.34,17.77,1.56
489,sena madureira,94,BR,1580107937,92,296.81,-9.07,-68.66,1.05
490,abu zabad,0,SD,1580107937,24,289.28,12.35,29.25,7.71
491,lappeenranta,100,FI,1580107937,85,267.15,61.05,28.17,3.6
492,sambava,85,MG,1580107809,70,300.57,-14.27,50.17,1.04
493,rorvik,100,NO,1580107938,74,274.15,64.86,11.24,5.7
494,manakara,55,MG,1580107938,81,297.78,-22.13,48.02,1.36
495,baiyin,0,CN,1580107938,50,272.15,36.56,104.21,2.0
496,flinders,34,AU,1580107756,74,299.82,-34.58,150.86,5.7
497,acari,100,PE,1580107938,89,292.96,-15.43,-74.62,1.44
498,dashitou,0,CN,1580107938,80,268.65,43.31,128.51,1.06
499,nayoro,84,JP,1580107938,82,266.95,44.35,142.46,1.98
500,puerto del rosario,40,ES,1580107668,72,290.15,28.5,-13.86,6.2
501,goderich,98,CA,1580107938,89,274.26,43.75,-81.72,0.89
502,ust-karsk,16,RU,1580107938,86,260.62,52.7,118.81,1.7
503,hangzhou,75,CN,1580107730,81,280.93,30.29,120.16,5.0
504,ilula,75,TZ,1580107939,88,293.15,-7.68,36.04,0.16
505,makushino,80,RU,1580107939,94,258.88,55.21,67.24,5.03
506,shwebo,0,MM,1580107939,30,297.33,22.57,95.7,2.02
507,kantabanji,10,IN,1580107939,25,299.19,20.48,82.92,1.44
508,manono,99,CD,1580107939,93,294.98,-7.3,27.42,1.2
509,aracati,98,BR,1580107705,92,297.78,-4.56,-37.77,1.78
510,igrim,100,RU,1580107939,96,252.09,63.19,64.42,3.91
511,axim,1,GH,1580107939,92,296.38,4.87,-2.24,0.36
512,sinjar,0,IQ,1580107939,58,278.21,36.32,41.88,0.59
513,coquimbo,90,CL,1580107940,88,291.15,-29.95,-71.34,3.6
514,burnie,82,AU,1580107940,42,294.82,-41.07,145.92,3.58
515,auki,94,SB,1580107940,77,302.33,-8.77,160.7,5.47
516,kailua,40,US,1580107756,69,297.15,21.4,-157.74,2.6
517,prachuap khiri khan,53,TH,1580107940,69,300.46,11.82,99.78,6.27
518,lake havasu city,75,US,1580107848,41,289.26,34.48,-114.32,1.5
519,kajaani,100,FI,1580107940,76,249.15,64.17,27.67,0.5
520,megion,90,RU,1580107940,85,264.15,61.03,76.11,7.0
521,panzhihua,0,CN,1580107940,48,284.26,26.59,101.71,0.84
522,porbandar,40,IN,1580107940,73,298.15,21.64,69.61,4.1
523,union,40,US,1580107941,69,276.48,40.63,-74.27,3.9
524,tigil,100,RU,1580107941,76,268.3,57.8,158.67,4.71
525,takoradi,1,GH,1580107941,92,296.38,4.88,-1.76,0.36
526,taoudenni,85,ML,1580107941,25,293.18,22.68,-3.98,3.48
527,hongjiang,68,CN,1580107941,72,278.29,27.11,110.0,2.52
528,atbasar,93,KZ,1580107941,94,264.82,51.8,68.33,3.77
529,posse,92,BR,1580107924,96,292.91,-14.09,-46.37,1.69
530,graham,90,US,1580107941,93,282.15,47.05,-122.29,2.6
531,cap malheureux,75,MU,1580107839,78,300.37,-19.98,57.61,5.1
532,udachnyy,75,RU,1580107941,75,245.15,66.42,112.4,1.11
533,saint-augustin,100,CA,1580107941,94,269.77,51.23,-58.65,6.62
534,bideford,20,GB,1580107942,100,280.37,51.02,-4.2,2.6
535,kuching,75,MY,1580107942,94,300.93,1.55,110.33,2.6
536,innisfail,100,AU,1580107942,86,299.67,-17.53,146.03,0.65
537,barra do corda,100,BR,1580107924,96,296.16,-5.5,-45.25,0.63
538,ormond beach,90,US,1580107942,87,287.04,29.29,-81.06,3.23
539,la libertad,100,EC,1580107942,82,298.72,-2.23,-80.9,3.96
540,richards bay,100,ZA,1580107942,83,295.83,-28.78,32.04,15.5
541,nokha,85,IN,1580107918,30,295.16,27.6,73.42,5.15
542,raudeberg,75,NO,1580107942,93,277.15,61.99,5.14,3.6
543,jiwani,0,PK,1580107942,57,292.37,25.05,61.74,8.95
544,nizhnyaya tavda,96,RU,1580107942,93,257.38,57.67,66.17,4.15
545,peachtree city,90,US,1580107943,81,282.04,33.4,-84.6,1.5
546,edd,20,ER,1580107943,60,296.68,13.93,41.69,2.01
547,inyonga,100,TZ,1580107943,95,292.75,-6.72,32.07,1.31
548,okakarara,40,NA,1580107943,21,294.99,-20.58,17.43,1.88
549,palkino,90,RU,1580107943,100,276.15,57.54,28.01,2.0
550,bada,100,RU,1580107943,76,264.26,51.39,109.87,1.09
551,alice springs,17,AU,1580107943,10,311.15,-23.7,133.88,5.7
552,bend,1,US,1580107808,69,278.15,44.06,-121.32,3.1
553,west wendover,40,US,1580107943,87,279.15,40.74,-114.07,4.1
554,lata,40,PT,1580107943,87,287.04,40.16,-8.33,5.7
555,lyubinskiy,75,RU,1580107944,79,269.15,55.15,72.69,8.0
556,gravdal,75,NO,1580107944,74,271.15,68.12,13.5,5.1
